00100000000000100000000000000101
00100000000000110000000000001100
00100000011000011111111111110111
00000000001000100010000000100101
00000000011001000010100000100100
00000000101000100010100000100000
00010000101000110000000000000001
00000000001001000010000000101010
00010000100000010000000000001010
00100000010001011111111111111010
00000000011000100010000000101010
00000000100001010000100000100000
00000000001001010001000000100010
10101100011000010000000000000010
10001100101000100000000000001111
00001000000000000000000000010001
00100000000000100000000000000001
10101100000000100000000000001101
