00100011101111011111111111111110
10101111101001000000000000000001
10101111101111110000000000000000
00100000000010000000000000000010
00100000100001000000000000000110
00000000100010000100000000101010
00010001000000000000000000000011
00100000000000100000000000000001
00100011101111011111111111111110
00000011111000000000000000001000
00100000100001001111111111111111
00001100000000000000000000000000
10001111101111110000000000000000
10001111101001000000000000000001
00100011101111010000000000000010
00000000100000100001000000011000
00000011111000000000000000001000
